canvas 0 0 800 800
shape C3 circle
motion C3 0 200 400 30 30 0 0 255     0 200 400 30 30 0 0 255
motion C3 0 200 400 30 30 0 0 255     4 200 400 30 30 255 255 255

shape C4 circle
motion C4 0 250 400 30 30 255 255 0     0 250 400 30 30 255 255 0
motion C4 0 250 400 30 30 255 255 0     4 250 400 30 30 255 255 255

shape C5 circle
motion C5 0 300 400 30 30 0 255 255     0 300 400 30 30 0 255 255
motion C5 0 300 400 30 30 0 255 255     4 300 400 30 30 255 255 255

shape C1 circle
motion C1 0 100 400 30 30 255 0 0     0 100 400 30 30 255 0 0
motion C1 0 100 400 30 30 255 0 0     4 100 400 30 30 255 0 0
motion C1 4 100 400 30 30 255 0 0     12 100 400 30 30 0 0 0

shape C2 circle
motion C2 0 150 400 30 30 0 255 0     0 150 400 30 30 0 255 0
motion C2 0 150 400 30 30 0 255 0     4 150 400 30 30 0 255 0

